380 0.001368 0.000039 0.00645 0.00003 -0.00001 0.00117 0.00001 0 0.00031
385 0.002236 0.000064 0.01055 0.00005 -0.00002 0.00189 0.00001 -0.00001 0.0005
390 0.004243 0.00012 0.02005 0.0001 -0.00004 0.00359 0.00003 -0.00001 0.00095
395 0.00765 0.000217 0.03621 0.00017 -0.00007 0.00647 0.00004 -0.00002 0.00171
400 0.01431 0.000396 0.06785 0.0003 -0.00014 0.01214 0.00008 -0.00004 0.00321
405 0.02319 0.00064 0.1102 0.00047 -0.00022 0.01969 0.00012 -0.00006 0.00521
410 0.04351 0.00121 0.2074 0.00084 -0.00041 0.03707 0.00022 -0.00011 0.0098
415 0.07763 0.00218 0.3713 0.00139 -0.0007 0.06637 0.00037 -0.00019 0.01755
420 0.13438 0.004 0.6456 0.00211 -0.0011 0.11541 0.00056 -0.00029 0.03052
425 0.21477 0.0073 1.03905 0.00266 -0.00143 0.18575 0.0007 -0.00038 0.04911
430 0.2839 0.0116 1.3856 0.00218 -0.00119 0.24769 0.00058 -0.00031 0.06549
435 0.3285 0.01684 1.62296 0.00036 -0.00021 0.29012 0.0001 -0.00006 0.07671
440 0.34828 0.023 1.74706 -0.00261 0.00149 0.31228 -0.00069 0.00039 0.08257
445 0.34806 0.0298 1.7826 -0.00673 0.00379 0.3186 -0.00178 0.001 0.08424
450 0.3362 0.038 1.77211 -0.01213 0.00678 0.3167 -0.00321 0.00179 0.08374
455 0.3187 0.048 1.7441 -0.01874 0.01046 0.31166 -0.00495 0.00277 0.08241
460 0.2908 0.06 1.6692 -0.02608 0.01485 0.29821 -0.0069 0.00393 0.07885
465 0.2511 0.0739 1.5281 -0.03324 0.01977 0.27295 -0.00879 0.00523 0.07217
470 0.19536 0.09098 1.28764 -0.03933 0.02538 0.22991 -0.0104 0.00671 0.06079
475 0.1421 0.1126 1.0419 -0.04471 0.03183 0.18592 -0.01182 0.00842 0.04916
480 0.09564 0.13902 0.81295 -0.04939 0.03914 0.14494 -0.01306 0.01035 0.03832
485 0.05795 0.1693 0.6162 -0.05364 0.04713 0.10968 -0.01418 0.01246 0.029
490 0.03201 0.20802 0.46518 -0.05814 0.05689 0.08257 -0.01537 0.01504 0.02183
495 0.0147 0.2586 0.3533 -0.06414 0.06948 0.06246 -0.01696 0.01837 0.01652
500 0.0049 0.323 0.272 -0.07173 0.08536 0.04776 -0.01897 0.02257 0.01263
505 0.0024 0.4073 0.2123 -0.0812 0.10593 0.03688 -0.02147 0.02801 0.00975
510 0.0093 0.503 0.1582 -0.08901 0.1286 0.02698 -0.02353 0.034 0.00713
515 0.0291 0.6082 0.1117 -0.09356 0.15262 0.01842 -0.02474 0.04035 0.00487
520 0.06327 0.71 0.07825 -0.09264 0.17468 0.01221 -0.02449 0.04619 0.00323
525 0.1096 0.7932 0.05725 -0.08473 0.19113 0.0083 -0.0224 0.05054 0.00219
530 0.1655 0.862 0.04216 -0.07101 0.20317 0.00549 -0.01878 0.05372 0.00145
535 0.22575 0.91485 0.02984 -0.05316 0.21083 0.0032 -0.01406 0.05575 0.00085
540 0.2904 0.954 0.0203 -0.03152 0.21466 0.00146 -0.00833 0.05676 0.00039
545 0.3597 0.9803 0.0134 -0.00613 0.21487 0.00023 -0.00162 0.05681 0.00006
550 0.43345 0.99495 0.00875 0.02279 0.21178 -0.00058 0.00603 0.056 -0.00015
555 0.51205 1 0.00575 0.05514 0.20588 -0.00105 0.01458 0.05444 -0.00028
560 0.5945 0.995 0.0039 0.0906 0.19702 -0.0013 0.02396 0.05209 -0.00034
565 0.6784 0.9786 0.00275 0.1284 0.18522 -0.00138 0.03395 0.04897 -0.00036
570 0.7621 0.952 0.0021 0.16768 0.17087 -0.00135 0.04434 0.04518 -0.00036
575 0.8425 0.9154 0.0018 0.20715 0.15429 -0.00123 0.05477 0.0408 -0.00033
580 0.9163 0.87 0.00165 0.24526 0.1361 -0.00108 0.06485 0.03599 -0.00029
585 0.9786 0.8163 0.0014 0.27989 0.11686 -0.00093 0.07401 0.0309 -0.00025
590 1.0263 0.757 0.0011 0.30928 0.09754 -0.00079 0.08178 0.02579 -0.00021
595 1.0567 0.6949 0.001 0.33184 0.07909 -0.00063 0.08774 0.02091 -0.00017
600 1.0622 0.631 0.0008 0.34429 0.06246 -0.00049 0.09103 0.01651 -0.00013
605 1.0456 0.5668 0.0006 0.34756 0.04776 -0.00038 0.0919 0.01263 -0.0001
610 1.0026 0.503 0.00034 0.33971 0.03557 -0.0003 0.08982 0.00941 -0.00008
615 0.9384 0.4412 0.00024 0.32265 0.02583 -0.00022 0.08531 0.00683 -0.00006
620 0.85445 0.381 0.00019 0.29708 0.01828 -0.00015 0.07855 0.00483 -0.00004
625 0.7514 0.321 0.0001 0.26348 0.01253 -0.00011 0.06967 0.00331 -0.00003
630 0.6424 0.265 0.00005 0.22677 0.00833 -0.00008 0.05996 0.0022 -0.00002
635 0.5419 0.217 0.00003 0.19233 0.00537 -0.00005 0.05085 0.00142 -0.00001
640 0.4479 0.175 0.00002 0.15968 0.00334 -0.00003 0.04222 0.00088 -0.00001
645 0.3608 0.1382 0.00001 0.12905 0.00199 -0.00002 0.03412 0.00053 -0.00001
650 0.2835 0.107 0 0.10167 0.00116 -0.00001 0.02688 0.00031 0
655 0.2187 0.0816 0 0.07857 0.00066 -0.00001 0.02077 0.00017 0
660 0.1649 0.061 0 0.05932 0.00037 0 0.01568 0.0001 0
665 0.1212 0.04458 0 0.04366 0.00021 0 0.01154 0.00006 0
670 0.0874 0.032 0 0.03149 0.00011 0 0.00833 0.00003 0
675 0.0636 0.0232 0 0.02294 0.00006 0 0.00607 0.00002 0
680 0.04677 0.017 0 0.01687 0.00003 0 0.00446 0.00001 0
685 0.0329 0.01192 0 0.01187 0.00001 0 0.00314 0 0
690 0.0227 0.00821 0 0.00819 0 0 0.00217 0 0
695 0.01584 0.005723 0 0.00572 0 0 0.00151 0 0
700 0.011359 0.004102 0 0.0041 0 0 0.00108 0 0
705 0.008111 0.002929 0 0.00291 0 0 0.00077 0 0
710 0.00579 0.002091 0 0.0021 0 0 0.00056 0 0
715 0.004109 0.001484 0 0.00148 0 0 0.00039 0 0
720 0.002899 0.001047 0 0.00105 0 0 0.00028 0 0
725 0.002049 0.00074 0 0.00074 0 0 0.0002 0 0
730 0.00144 0.00052 0 0.00052 0 0 0.00014 0 0
735 0.001 0.000361 0 0.00036 0 0 0.0001 0 0
740 0.00069 0.000249 0 0.00025 0 0 0.00007 0 0
745 0.000476 0.000172 0 0.00017 0 0 0.00004 0 0
750 0.000332 0.00012 0 0.00012 0 0 0.00003 0 0
755 0.000235 0.000085 0 0.00008 0 0 0.00002 0 0
760 0.000166 0.00006 0 0.00006 0 0 0.00002 0 0
765 0.000117 0.000042 0 0.00004 0 0 0.00001 0 0
770 0.000083 0.00003 0 0.00003 0 0 0.00001 0 0
775 0.000059 0.000021 0 0.00001 0 0 0 0 0
780 0.000042 0.000015 0 0 0 0 0 0 0
